pricing_model_version_0: 0.37454-0.950714
pricing_model_version_1: 0.156019-0.598658-0.731994
pricing_model_version_2: 0.058084-0.155995-0.601115-0.866176
pricing_model_version_3: 0.020584-0.212339-0.708073-0.832443-0.96991
pricing_model_version_4: 0.181825-0.183405-0.291229-0.304242-0.431945-0.524756
pricing_model_version_5: 0.139494-0.199674-0.292145-0.366362-0.45607-0.611853-0.785176
pricing_model_version_6: 0.04645-0.065052-0.170524-0.514234-0.592415-0.607545-0.948886-0.965632
pricing_model_version_7: 0.034389-0.097672-0.122038-0.304614-0.440152-0.495177-0.684233-0.808397-0.90932